Vertex Positions:
0.8506507873535156, 0.525731086730957, 0.0,
-0.8506507873535156, 0.525731086730957, 0.0,
0.8506507873535156, -0.525731086730957, 0.0,
-0.8506507873535156, -0.525731086730957, 0.0,
0.525731086730957, 0.0, 0.8506507873535156,
0.525731086730957, 0.0, -0.8506507873535156,
-0.525731086730957, 0.0, 0.8506507873535156,
-0.525731086730957, 0.0, -0.8506507873535156,
0.0, 0.8506507873535156, 0.525731086730957,
0.0, -0.8506507873535156, 0.525731086730957,
0.0, 0.8506507873535156, -0.525731086730957,
0.0, -0.8506507873535156, -0.525731086730957,

Face Indices:
0, 8, 4,
0, 5, 10,
2, 4, 9,
2, 11, 5,
1, 6, 8,
1, 10, 7,
3, 9, 6,
3, 7, 11,
0, 10, 8,
1, 8, 10,
2, 9, 11,
3, 11, 9,
4, 2, 0,
5, 0, 2,
6, 1, 3,
7, 3, 1,
8, 6, 4,
9, 4, 6,
10, 5, 7,
11, 7, 5,

Face UVs:
[0.6059942841529846, 0.49227648973464966],
[0.7073489427566528, 0.6526424884796143],
[0.4993334710597992, 0.6512209177017212],
[0.6059942841529846, 0.49227648973464966],
[0.5027413964271545, 0.33577242493629456],
[0.7087998986244202, 0.3331265151500702],
[0.3967140316963196, 0.4925273060798645],
[0.4993334710597992, 0.6512209177017212],
[0.2919459342956543, 0.6517196893692017],
[0.3967140316963196, 0.4925273060798645],
[0.29493945837020874, 0.3357105255126953],
[0.5027413964271545, 0.33577242493629456],
[0.8080124258995056, 0.8167975544929504],
[0.7101756930351257, 0.9702852964401245],
[0.608577311038971, 0.8124687671661377],
[0.5040212869644165, 0.3328344523906708],
[0.6082802414894104, 0.1760680377483368],
[0.7077430486679077, 0.3362899720668793],
[0.19070985913276672, 0.8100963234901428],
[0.2919459342956543, 0.6517196893692017],
[0.39540374279022217, 0.8104590177536011],
[0.29318052530288696, 0.3335084617137909],
[0.19101838767528534, 0.17370201647281647],
[0.3940155804157257, 0.1753145307302475],
[0.6059942841529846, 0.49227648973464966],
[0.8163903951644897, 0.49295279383659363],
[0.7073489427566528, 0.6526424884796143],
[0.9156029224395752, 0.6492127180099487],
[0.7073489427566528, 0.6526424884796143],
[0.8163903951644897, 0.49295279383659363],
[0.3967140316963196, 0.4925273060798645],
[0.2919459342956543, 0.6517196893692017],
[0.18734893202781677, 0.4939850866794586],
[0.08488312363624573, 0.6533734798431396],
[0.18734893202781677, 0.4939850866794586],
[0.2919459342956543, 0.6517196893692017],
[0.4993334710597992, 0.6512209177017212],
[0.3967140316963196, 0.4925273060798645],
[0.6059942841529846, 0.49227648973464966],
[0.5027413964271545, 0.33577242493629456],
[0.6059942841529846, 0.49227648973464966],
[0.3967140316963196, 0.4925273060798645],
[0.8089472651481628, 0.8120107650756836],
[0.6087054014205933, 0.8121424317359924],
[0.7111334204673767, 0.6547126770019531],
[0.8118059635162354, 0.17646367847919464],
[0.610598087310791, 0.17678560316562653],
[0.710383415222168, 0.33128276467323303],
[0.7073489427566528, 0.6526424884796143],
[0.6052933931350708, 0.8135624527931213],
[0.4993334710597992, 0.6512209177017212],
[0.2919459342956543, 0.6517196893692017],
[0.4993334710597992, 0.6512209177017212],
[0.39540374279022217, 0.8104590177536011],
[0.4971621632575989, 0.3343426585197449],
[0.39327678084373474, 0.17669568955898285],
[0.2932550013065338, 0.3331865072250366],
[0.3940155804157257, 0.1753145307302475],
[0.19101838767528534, 0.17370201647281647],
[0.29274141788482666, 0.012214269489049911],
