Vertex Positions:
0.0, 0.0, 1.0,
0.9428090453147888, 0.0, -0.3333333432674408,
-0.4714045226573944, 0.8164966106414795, -0.3333333432674408,
-0.4714045226573944, -0.8164966106414795, -0.3333333432674408,

Face Indices:
0, 1, 2,
0, 2, 3,
0, 3, 1,
1, 3, 2,

Face UVs:
[0.610511302947998, 0.8103421926498413],
[0.711689829826355, 0.6567227244377136],
[0.805730402469635, 0.8143925070762634],
[0.3953303098678589, 0.4906896650791168],
[0.5005965232849121, 0.3361230492591858],
[0.6040992736816406, 0.49224135279655457],
[0.29311373829841614, 0.6551709771156311],
[0.3930887281894684, 0.8112890124320984],
[0.18961122632026672, 0.8081855773925781],
[0.6035388112068176, 0.17629677057266235],
[0.710568904876709, 0.335518479347229],
[0.505327582359314, 0.335518479347229],
