Vertex Positions:
-1.0, -1.0, -1.0,
-1.0, -1.0, 1.0,
-1.0, 1.0, -1.0,
-1.0, 1.0, 1.0,
1.0, -1.0, -1.0,
1.0, -1.0, 1.0,
1.0, 1.0, -1.0,
1.0, 1.0, 1.0,

Face Indices:
0, 1, 3, 2,
2, 3, 7, 6,
6, 7, 5, 4,
4, 5, 1, 0,
2, 6, 4, 0,
7, 3, 1, 5,

Face UVs:
[0.3239915370941162, 0.6512883901596069],
[0.3239915370941162, 0.965175986289978],
[0.5005533695220947, 0.965175986289978],
[0.5005533695220947, 0.6512883901596069],
[0.585703432559967, 0.6544956564903259],
[0.585703432559967, 0.9686056971549988],
[0.7623904347419739, 0.9686056971549988],
[0.7623904347419739, 0.6544956564903259],
[0.24042168259620667, 0.6541897058486938],
[0.24042168259620667, 0.9646437168121338],
[0.06579125672578812, 0.9646437168121338],
[0.06579125672578812, 0.6541897058486938],
[0.7611858248710632, 0.6566371917724609],
[0.7611858248710632, 0.9664641618728638],
[0.5869081020355225, 0.9664641618728638],
[0.5869081020355225, 0.6566371917724609],
[0.3260394334793091, 0.5019804835319519],
[0.5011140704154968, 0.5019804835319519],
[0.5011140704154968, 0.19073669612407684],
[0.3260394334793091, 0.19073669612407684],
[0.24064984917640686, 0.5012372732162476],
[0.06401066482067108, 0.5012372732162476],
[0.06401066482067108, 0.18721213936805725],
[0.24064984917640686, 0.18721213936805725],
