Vertex Positions:
1.0, 0.0, 0.0,
-1.0, 0.0, 0.0,
0.0, 1.0, 0.0,
0.0, -1.0, 0.0,
0.0, 0.0, 1.0,
0.0, 0.0, -1.0,

Face Indices:
4, 0, 2,
4, 2, 1,
4, 1, 3,
4, 3, 0,
5, 2, 0,
5, 1, 2,
5, 3, 1,
5, 0, 3,

Face UVs:
[0.5015026926994324, 0.33517950773239136],
[0.604292094707489, 0.4915979504585266],
[0.3987133502960205, 0.4915979504585266],
[0.7115669250488281, 0.6497606039047241],
[0.6088595390319824, 0.4915906488895416],
[0.8142743110656738, 0.4915906488895416],
[0.7064528465270996, 0.6554252505302429],
[0.6055554747581482, 0.8113391995429993],
[0.5066666007041931, 0.6539589762687683],
[0.2913563847541809, 0.6544901728630066],
[0.3929715156555176, 0.8097133040428162],
[0.18974120914936066, 0.8097133040428162],
[0.7079586386680603, 0.33356282114982605],
[0.5042010545730591, 0.3324824869632721],
[0.6052528023719788, 0.1785001903772354],
[0.6098929047584534, 0.8098168969154358],
[0.7094965577125549, 0.6535409688949585],
[0.8104235529899597, 0.8120830059051514],
[0.39319464564323425, 0.17507238686084747],
[0.29007500410079956, 0.32707643508911133],
[0.19007501006126404, 0.17360615730285645],
[0.2915670573711395, 0.6517157554626465],
[0.18946385383605957, 0.49319037795066833],
[0.3936701714992523, 0.49319031834602356],
